EPI_ISL_721988
EPI_ISL_527862
EPI_ISL_517879
EPI_ISL_527861
EPI_ISL_543470
EPI_ISL_470638
EPI_ISL_515552
EPI_ISL_722010
EPI_ISL_717926
EPI_ISL_574590
EPI_ISL_717826
EPI_ISL_791511
EPI_ISL_765596
EPI_ISL_735421
EPI_ISL_476313
EPI_ISL_543544
EPI_ISL_605879
EPI_ISL_623131
EPI_ISL_785297
EPI_ISL_476282
EPI_ISL_768702
EPI_ISL_476296
EPI_ISL_790234
EPI_ISL_583501
EPI_ISL_779165
EPI_ISL_476345
EPI_ISL_779163
EPI_ISL_545414
EPI_ISL_476318
EPI_ISL_547433
EPI_ISL_544221
EPI_ISL_591449
EPI_ISL_515541
EPI_ISL_770561
EPI_ISL_493868
EPI_ISL_770557
EPI_ISL_693215
EPI_ISL_693224
EPI_ISL_708745
EPI_ISL_717816
EPI_ISL_583504
EPI_ISL_515554
EPI_ISL_623130
EPI_ISL_471541
EPI_ISL_602758
EPI_ISL_699149
EPI_ISL_753286
EPI_ISL_630998
EPI_ISL_750175
EPI_ISL_471581
EPI_ISL_523990
EPI_ISL_754422
EPI_ISL_511103
EPI_ISL_583502
EPI_ISL_640101
EPI_ISL_729813
EPI_ISL_723520
EPI_ISL_513532
EPI_ISL_763569
EPI_ISL_779155
EPI_ISL_515565
EPI_ISL_722035
EPI_ISL_550290
EPI_ISL_732791
EPI_ISL_534326
EPI_ISL_722023
EPI_ISL_549833
EPI_ISL_495483
EPI_ISL_693220
EPI_ISL_602307
EPI_ISL_476469
EPI_ISL_729808
EPI_ISL_640130
EPI_ISL_779246
EPI_ISL_644891
EPI_ISL_527865
EPI_ISL_693207
EPI_ISL_471556
EPI_ISL_523969
EPI_ISL_603033
EPI_ISL_534311
EPI_ISL_732909
EPI_ISL_672719
EPI_ISL_523965
EPI_ISL_734205
EPI_ISL_770608
EPI_ISL_583496
EPI_ISL_776767
EPI_ISL_717957
EPI_ISL_470608
EPI_ISL_476448
EPI_ISL_757218
EPI_ISL_471562
EPI_ISL_693212
EPI_ISL_770562
EPI_ISL_735432
EPI_ISL_735398
EPI_ISL_789890
EPI_ISL_735433
EPI_ISL_770591
EPI_ISL_476152
EPI_ISL_644835
EPI_ISL_624646
EPI_ISL_717921
EPI_ISL_476419
EPI_ISL_478111
EPI_ISL_476346
EPI_ISL_515547
EPI_ISL_779617
EPI_ISL_672722
EPI_ISL_717944
EPI_ISL_476464
EPI_ISL_585429
EPI_ISL_493851
EPI_ISL_583503
EPI_ISL_717947
EPI_ISL_781370
EPI_ISL_768654
EPI_ISL_545384
EPI_ISL_736906
EPI_ISL_765756
EPI_ISL_476243
EPI_ISL_502875
EPI_ISL_572379
EPI_ISL_476423
EPI_ISL_714911
EPI_ISL_721987
EPI_ISL_667633
EPI_ISL_545375
EPI_ISL_583498
EPI_ISL_635994
EPI_ISL_476376
EPI_ISL_788133
EPI_ISL_770580
EPI_ISL_476395
EPI_ISL_523993
EPI_ISL_717931
EPI_ISL_729805
EPI_ISL_717822
EPI_ISL_476337
EPI_ISL_597522
EPI_ISL_735413
EPI_ISL_647648
EPI_ISL_717808
EPI_ISL_602755
EPI_ISL_545351
EPI_ISL_717942
EPI_ISL_693208
EPI_ISL_717817
EPI_ISL_476262
EPI_ISL_458140
EPI_ISL_527857
EPI_ISL_591036
EPI_ISL_515544
EPI_ISL_657942
EPI_ISL_547579
EPI_ISL_636934
EPI_ISL_783698
EPI_ISL_735402
EPI_ISL_770582
EPI_ISL_476349
EPI_ISL_717936
EPI_ISL_476341
EPI_ISL_667650
EPI_ISL_767211
EPI_ISL_476399
EPI_ISL_527868
EPI_ISL_735403
EPI_ISL_735412
EPI_ISL_647760
EPI_ISL_693239
EPI_ISL_735431
EPI_ISL_534324
EPI_ISL_722032
EPI_ISL_732044
EPI_ISL_734203
EPI_ISL_767525
EPI_ISL_534316
EPI_ISL_492036
EPI_ISL_476375
EPI_ISL_574591
EPI_ISL_468318
EPI_ISL_583492
EPI_ISL_778843
EPI_ISL_524468
EPI_ISL_574592
EPI_ISL_523970
EPI_ISL_770570
EPI_ISL_590564
EPI_ISL_734865
EPI_ISL_770568
EPI_ISL_754079
EPI_ISL_751712
EPI_ISL_770572
EPI_ISL_470653
EPI_ISL_717830
EPI_ISL_770628
EPI_ISL_770619
EPI_ISL_717954
EPI_ISL_637811
EPI_ISL_717949
EPI_ISL_541386
EPI_ISL_729840
EPI_ISL_579220
EPI_ISL_770579
EPI_ISL_776758
EPI_ISL_787430
EPI_ISL_729845
EPI_ISL_754425
EPI_ISL_476162
EPI_ISL_672703
EPI_ISL_476287
EPI_ISL_770585
EPI_ISL_476445
EPI_ISL_523982
EPI_ISL_476157
EPI_ISL_685539
EPI_ISL_579320
EPI_ISL_515520
EPI_ISL_735400
EPI_ISL_770560
EPI_ISL_722051
EPI_ISL_541355
EPI_ISL_770601
EPI_ISL_590506
EPI_ISL_729852
EPI_ISL_768688
EPI_ISL_476412
EPI_ISL_732180
EPI_ISL_530869
EPI_ISL_527860
EPI_ISL_524785
EPI_ISL_717927
EPI_ISL_755642
EPI_ISL_717825
EPI_ISL_765760
EPI_ISL_722134
EPI_ISL_717794
EPI_ISL_665333
EPI_ISL_765866
EPI_ISL_672717
EPI_ISL_770564
EPI_ISL_523984
EPI_ISL_591372
EPI_ISL_729744
EPI_ISL_693223
EPI_ISL_693221
EPI_ISL_693242
EPI_ISL_431180
EPI_ISL_693200
EPI_ISL_735399
EPI_ISL_683969
EPI_ISL_693205
EPI_ISL_631036
EPI_ISL_667738
EPI_ISL_734201
EPI_ISL_721601
EPI_ISL_770603
EPI_ISL_776750
EPI_ISL_785692
EPI_ISL_524783
EPI_ISL_541354
EPI_ISL_693238
EPI_ISL_717820
EPI_ISL_735429
EPI_ISL_754913
EPI_ISL_721990
EPI_ISL_476489
EPI_ISL_721642
EPI_ISL_583490
EPI_ISL_721716
EPI_ISL_729803
EPI_ISL_699029
EPI_ISL_750176
EPI_ISL_523981
EPI_ISL_603024
EPI_ISL_732183
EPI_ISL_717943
EPI_ISL_693237
EPI_ISL_730467
EPI_ISL_614022
EPI_ISL_515564
EPI_ISL_765679
EPI_ISL_547573
EPI_ISL_667634
EPI_ISL_717829
EPI_ISL_545355
EPI_ISL_468312
EPI_ISL_722020
EPI_ISL_471542
EPI_ISL_574583
EPI_ISL_416036
EPI_ISL_551467
EPI_ISL_690635
EPI_ISL_686307
EPI_ISL_789170
EPI_ISL_545366
EPI_ISL_672735
EPI_ISL_547435
EPI_ISL_515559
EPI_ISL_574577
EPI_ISL_770614
EPI_ISL_717953
EPI_ISL_672721
EPI_ISL_458141
EPI_ISL_754427
EPI_ISL_770592
EPI_ISL_693243
EPI_ISL_545364
EPI_ISL_722040
EPI_ISL_572371
EPI_ISL_549084
EPI_ISL_523957
EPI_ISL_791471
EPI_ISL_717951
EPI_ISL_755699
EPI_ISL_770571
EPI_ISL_648286
EPI_ISL_729799
EPI_ISL_630140
EPI_ISL_615917
EPI_ISL_468315
EPI_ISL_779216
EPI_ISL_476343
EPI_ISL_476396
EPI_ISL_780968
EPI_ISL_527863
EPI_ISL_471548
EPI_ISL_468316
EPI_ISL_776768
EPI_ISL_523971
EPI_ISL_754426
EPI_ISL_476394
EPI_ISL_516672
EPI_ISL_717812
EPI_ISL_780772
EPI_ISL_775529
EPI_ISL_530902
EPI_ISL_790200
EPI_ISL_467356
EPI_ISL_603036
EPI_ISL_672704
EPI_ISL_693229
EPI_ISL_619577
EPI_ISL_486429
EPI_ISL_722022
EPI_ISL_732116
EPI_ISL_583499
EPI_ISL_574588
EPI_ISL_721994
EPI_ISL_790314
EPI_ISL_476259
EPI_ISL_524787
EPI_ISL_523983
EPI_ISL_672734
EPI_ISL_640129
EPI_ISL_609971
EPI_ISL_471552
EPI_ISL_722884
EPI_ISL_667649
EPI_ISL_542486
EPI_ISL_717824
EPI_ISL_672713
EPI_ISL_667659
EPI_ISL_593711
EPI_ISL_770584
EPI_ISL_723494
EPI_ISL_717821
EPI_ISL_628886
EPI_ISL_471549
EPI_ISL_493852
EPI_ISL_476397
EPI_ISL_467359
EPI_ISL_722013
EPI_ISL_603021
EPI_ISL_770566
EPI_ISL_476388
EPI_ISL_722038
EPI_ISL_717823
EPI_ISL_735423
EPI_ISL_729801
EPI_ISL_776752
EPI_ISL_476254
EPI_ISL_722045
EPI_ISL_437019
EPI_ISL_732914
EPI_ISL_735426
EPI_ISL_574579
EPI_ISL_583497
EPI_ISL_515548
EPI_ISL_534318
EPI_ISL_648295
EPI_ISL_779160
EPI_ISL_755655
EPI_ISL_788825
EPI_ISL_543480
EPI_ISL_770623
EPI_ISL_583500
EPI_ISL_598633
EPI_ISL_672710
EPI_ISL_741517
EPI_ISL_603022
EPI_ISL_647431
EPI_ISL_722907
EPI_ISL_603028
EPI_ISL_523980
EPI_ISL_523975
EPI_ISL_524466
EPI_ISL_693197
EPI_ISL_515553
EPI_ISL_780385
EPI_ISL_635782
EPI_ISL_776764
EPI_ISL_513546
EPI_ISL_545365
EPI_ISL_524786
EPI_ISL_523986
EPI_ISL_734270
EPI_ISL_717813
EPI_ISL_583505
EPI_ISL_722135
EPI_ISL_733121
EPI_ISL_476418
EPI_ISL_591538
EPI_ISL_754423
EPI_ISL_693236
EPI_ISL_735422
EPI_ISL_750177
EPI_ISL_722031
EPI_ISL_783618
EPI_ISL_718592
EPI_ISL_523985
EPI_ISL_547437
EPI_ISL_717815
EPI_ISL_629164
EPI_ISL_526551
EPI_ISL_779209
EPI_ISL_722037
EPI_ISL_722046
EPI_ISL_747337
EPI_ISL_672720
EPI_ISL_762502
EPI_ISL_470602
EPI_ISL_760963
EPI_ISL_779207
EPI_ISL_717925
EPI_ISL_770609
EPI_ISL_614065
EPI_ISL_722050
EPI_ISL_722012
EPI_ISL_476156
EPI_ISL_476398
EPI_ISL_735401
EPI_ISL_721570
EPI_ISL_721995
EPI_ISL_755195
EPI_ISL_476452
EPI_ISL_478094
EPI_ISL_699146
EPI_ISL_471647
EPI_ISL_667626
EPI_ISL_755646
EPI_ISL_468311
EPI_ISL_770618
EPI_ISL_693226
EPI_ISL_790308
EPI_ISL_527866
EPI_ISL_672739
EPI_ISL_717930
EPI_ISL_791502
EPI_ISL_735408
EPI_ISL_581703
EPI_ISL_755647
EPI_ISL_470610
EPI_ISL_693195
EPI_ISL_500483
EPI_ISL_770556
EPI_ISL_591352
EPI_ISL_476266
EPI_ISL_652142
EPI_ISL_755643
EPI_ISL_515561
EPI_ISL_776765
EPI_ISL_534321
EPI_ISL_583494
EPI_ISL_602757
EPI_ISL_584429
EPI_ISL_770607
EPI_ISL_765707
EPI_ISL_523955
EPI_ISL_755645
EPI_ISL_461678
EPI_ISL_471648
EPI_ISL_729310
EPI_ISL_722024
EPI_ISL_722025
EPI_ISL_515566
EPI_ISL_693235
EPI_ISL_755640
EPI_ISL_524465
EPI_ISL_458147
EPI_ISL_574598
EPI_ISL_693203
EPI_ISL_470651
EPI_ISL_672706
EPI_ISL_591411
EPI_ISL_471582
EPI_ISL_468307
EPI_ISL_476413
EPI_ISL_672695
EPI_ISL_476417
EPI_ISL_574589
EPI_ISL_468308
EPI_ISL_734206
EPI_ISL_770563
EPI_ISL_609972
EPI_ISL_722004
EPI_ISL_770627
EPI_ISL_476462
EPI_ISL_770559
EPI_ISL_729861
EPI_ISL_770604
EPI_ISL_672702
EPI_ISL_476379
EPI_ISL_693206
EPI_ISL_543648
EPI_ISL_767944
EPI_ISL_468313
EPI_ISL_473651
EPI_ISL_770587
EPI_ISL_541359
EPI_ISL_602306
EPI_ISL_522491
EPI_ISL_770565
EPI_ISL_476446
EPI_ISL_722018
EPI_ISL_693198
EPI_ISL_468321
EPI_ISL_722002
EPI_ISL_593698
EPI_ISL_524462
EPI_ISL_693257
EPI_ISL_730661
EPI_ISL_779166
EPI_ISL_751201
EPI_ISL_419703
EPI_ISL_733300
EPI_ISL_776755
EPI_ISL_770599
EPI_ISL_582342
EPI_ISL_699150
EPI_ISL_530929
EPI_ISL_760740
EPI_ISL_707998
EPI_ISL_693225
EPI_ISL_476267
EPI_ISL_541343
EPI_ISL_643821
EPI_ISL_708530
EPI_ISL_476370
EPI_ISL_690818
EPI_ISL_523977
EPI_ISL_717948
EPI_ISL_603652
EPI_ISL_476384
EPI_ISL_693204
EPI_ISL_755641
EPI_ISL_746686
EPI_ISL_470604
EPI_ISL_509841
EPI_ISL_541372
EPI_ISL_721959
EPI_ISL_648284
EPI_ISL_735424
EPI_ISL_693244
EPI_ISL_755696
EPI_ISL_770602
EPI_ISL_722009
EPI_ISL_614059
EPI_ISL_523967
EPI_ISL_770576
EPI_ISL_593687
EPI_ISL_717819
EPI_ISL_768705
EPI_ISL_667639
EPI_ISL_547576
EPI_ISL_534320
EPI_ISL_476268
EPI_ISL_603038
EPI_ISL_534317
EPI_ISL_767616
EPI_ISL_718344
EPI_ISL_524887
EPI_ISL_677211
EPI_ISL_776761
EPI_ISL_476312
EPI_ISL_767619
EPI_ISL_731736
EPI_ISL_693231
EPI_ISL_717811
EPI_ISL_693199
EPI_ISL_717923
EPI_ISL_524464
EPI_ISL_761920
EPI_ISL_672748
EPI_ISL_672705
EPI_ISL_770621
EPI_ISL_574594
EPI_ISL_476380
EPI_ISL_648285
EPI_ISL_765814
EPI_ISL_770595
EPI_ISL_515545
EPI_ISL_574582
EPI_ISL_693240
EPI_ISL_614031
EPI_ISL_693201
EPI_ISL_747345
EPI_ISL_545394
EPI_ISL_717950
EPI_ISL_468314
EPI_ISL_476461
EPI_ISL_762436
EPI_ISL_790178
EPI_ISL_694007
EPI_ISL_704846
EPI_ISL_672750
EPI_ISL_722131
EPI_ISL_732181
EPI_ISL_770588
EPI_ISL_770581
EPI_ISL_770577
EPI_ISL_476386
EPI_ISL_500875
EPI_ISL_722029
EPI_ISL_574580
EPI_ISL_717946
EPI_ISL_476167
EPI_ISL_523978
EPI_ISL_732179
EPI_ISL_513514
EPI_ISL_591450
EPI_ISL_717945
EPI_ISL_527870
EPI_ISL_476322
EPI_ISL_541344
EPI_ISL_729806
EPI_ISL_523988
EPI_ISL_476400
EPI_ISL_515546
EPI_ISL_729285
EPI_ISL_790064
EPI_ISL_650548
EPI_ISL_672700
EPI_ISL_732856
EPI_ISL_693209
EPI_ISL_770626
EPI_ISL_573682
EPI_ISL_476159
EPI_ISL_766625
EPI_ISL_779162
EPI_ISL_770625
EPI_ISL_574597
EPI_ISL_770553
EPI_ISL_693196
EPI_ISL_717956
EPI_ISL_776757
EPI_ISL_779159
EPI_ISL_734262
EPI_ISL_603654
EPI_ISL_476488
EPI_ISL_754424
EPI_ISL_636726
EPI_ISL_775224
EPI_ISL_476447
EPI_ISL_515551
EPI_ISL_699115
EPI_ISL_476441
EPI_ISL_673528
EPI_ISL_693228
EPI_ISL_770569
EPI_ISL_458146
EPI_ISL_734204
EPI_ISL_436990
EPI_ISL_732184
EPI_ISL_735417
EPI_ISL_717827
EPI_ISL_431240
EPI_ISL_526282
EPI_ISL_623468
EPI_ISL_787934
EPI_ISL_770594
EPI_ISL_670856
EPI_ISL_735397
EPI_ISL_722047
EPI_ISL_523958
EPI_ISL_790226
EPI_ISL_635778
EPI_ISL_667578
EPI_ISL_770558
EPI_ISL_779167
EPI_ISL_735419
EPI_ISL_672711
EPI_ISL_672205
EPI_ISL_717940
EPI_ISL_780386
EPI_ISL_717933
EPI_ISL_734199
EPI_ISL_722014
EPI_ISL_545180
EPI_ISL_776753
EPI_ISL_476347
EPI_ISL_728080
EPI_ISL_745827
EPI_ISL_547575
EPI_ISL_534319
EPI_ISL_717952
EPI_ISL_523974
EPI_ISL_770629
EPI_ISL_470605
EPI_ISL_755654
EPI_ISL_508266
EPI_ISL_476165
EPI_ISL_776756
EPI_ISL_717924
EPI_ISL_476373
EPI_ISL_672741
EPI_ISL_770617
EPI_ISL_693245
EPI_ISL_760881
EPI_ISL_722015
EPI_ISL_445380
EPI_ISL_698126
EPI_ISL_722036
EPI_ISL_717941
EPI_ISL_734200
EPI_ISL_693232
EPI_ISL_693210
EPI_ISL_765586
EPI_ISL_693234
EPI_ISL_787344
EPI_ISL_722017
EPI_ISL_703236
EPI_ISL_717928
EPI_ISL_476260
EPI_ISL_770620
EPI_ISL_717810
EPI_ISL_770589
EPI_ISL_717814
EPI_ISL_735409
EPI_ISL_751185
EPI_ISL_527032
EPI_ISL_767966
EPI_ISL_633085
EPI_ISL_770624
EPI_ISL_476391
EPI_ISL_515526
EPI_ISL_722913
EPI_ISL_717938
EPI_ISL_509500
EPI_ISL_574578
EPI_ISL_790297
EPI_ISL_536688
EPI_ISL_693211
EPI_ISL_755711
EPI_ISL_755653
EPI_ISL_476340
EPI_ISL_476161
EPI_ISL_756490
EPI_ISL_717955
EPI_ISL_729853
EPI_ISL_534322
EPI_ISL_717828
EPI_ISL_730783
EPI_ISL_677212
EPI_ISL_722019
EPI_ISL_721996
EPI_ISL_468319
EPI_ISL_603035
EPI_ISL_476408
EPI_ISL_476414
EPI_ISL_456869
EPI_ISL_722005
EPI_ISL_730451
EPI_ISL_717935
EPI_ISL_722006
EPI_ISL_735396
EPI_ISL_610590
EPI_ISL_659449
EPI_ISL_779245
EPI_ISL_470600
EPI_ISL_613964
EPI_ISL_468305
EPI_ISL_603023
EPI_ISL_775530
EPI_ISL_729748
EPI_ISL_471545
EPI_ISL_541444
EPI_ISL_593819
EPI_ISL_476467
EPI_ISL_648302
EPI_ISL_732786
EPI_ISL_765717
EPI_ISL_721993
EPI_ISL_476415
EPI_ISL_770554
EPI_ISL_779161
EPI_ISL_603027
EPI_ISL_515529
EPI_ISL_736895
EPI_ISL_591402
EPI_ISL_735418
EPI_ISL_534705
EPI_ISL_722011
EPI_ISL_603037
EPI_ISL_770611
EPI_ISL_476338
EPI_ISL_515563
EPI_ISL_735404
EPI_ISL_770555
EPI_ISL_693217
EPI_ISL_728187
EPI_ISL_603030
EPI_ISL_717934
EPI_ISL_513557
EPI_ISL_543360
EPI_ISL_476366
EPI_ISL_735405
EPI_ISL_586553
EPI_ISL_770622
EPI_ISL_603034
EPI_ISL_476410
EPI_ISL_672718
EPI_ISL_527859
EPI_ISL_515542
EPI_ISL_732252
EPI_ISL_629039
EPI_ISL_770597
EPI_ISL_735428
EPI_ISL_722026
EPI_ISL_770573
EPI_ISL_729854
EPI_ISL_527856
EPI_ISL_651545
EPI_ISL_527019
EPI_ISL_672699
EPI_ISL_591537
EPI_ISL_779156
EPI_ISL_467366
EPI_ISL_693233
EPI_ISL_461606
EPI_ISL_737409
EPI_ISL_672688
EPI_ISL_524469
EPI_ISL_754570
EPI_ISL_770586
EPI_ISL_770616
EPI_ISL_667561
EPI_ISL_717932
EPI_ISL_768652
EPI_ISL_476321
EPI_ISL_755644
EPI_ISL_717939
EPI_ISL_765705
EPI_ISL_717818
EPI_ISL_786891
EPI_ISL_734202
EPI_ISL_476261
EPI_ISL_644899
EPI_ISL_574595
EPI_ISL_721999
EPI_ISL_770598
EPI_ISL_515555
EPI_ISL_770615
EPI_ISL_476390
EPI_ISL_770583
EPI_ISL_745855
EPI_ISL_717787
EPI_ISL_722034
EPI_ISL_770593
EPI_ISL_470654
EPI_ISL_770590
EPI_ISL_476471
EPI_ISL_770552
EPI_ISL_770605
EPI_ISL_652968
EPI_ISL_476244
EPI_ISL_672687
EPI_ISL_717937
EPI_ISL_482765
EPI_ISL_693241
EPI_ISL_693230
EPI_ISL_534314
EPI_ISL_722048
EPI_ISL_693202
EPI_ISL_779168
EPI_ISL_523989
EPI_ISL_717807
EPI_ISL_543530
EPI_ISL_547434
EPI_ISL_722016
EPI_ISL_638782
EPI_ISL_717929
EPI_ISL_722044
EPI_ISL_476293
EPI_ISL_668335
EPI_ISL_476431
EPI_ISL_476163
EPI_ISL_732052
EPI_ISL_669126
EPI_ISL_788813
EPI_ISL_770600
EPI_ISL_722027
EPI_ISL_790513
EPI_ISL_672725
EPI_ISL_693278
EPI_ISL_770606
EPI_ISL_476389
EPI_ISL_755650
EPI_ISL_515524
EPI_ISL_625040
EPI_ISL_478249
EPI_ISL_776769
EPI_ISL_524885
EPI_ISL_755648
EPI_ISL_545376
EPI_ISL_722033
EPI_ISL_770610
EPI_ISL_735406
EPI_ISL_672693
EPI_ISL_735411
EPI_ISL_456088
EPI_ISL_476456
EPI_ISL_693214
EPI_ISL_768709
EPI_ISL_770578
EPI_ISL_427292
EPI_ISL_729856
EPI_ISL_729754
EPI_ISL_775528
EPI_ISL_667663
EPI_ISL_693216
EPI_ISL_471539
EPI_ISL_756294
EPI_ISL_515562
EPI_ISL_476411
EPI_ISL_770596
EPI_ISL_717922
EPI_ISL_614023
EPI_ISL_584645
EPI_ISL_515560
EPI_ISL_678320
EPI_ISL_722007
EPI_ISL_490026
EPI_ISL_776766
EPI_ISL_471546
EPI_ISL_790407
EPI_ISL_524463
EPI_ISL_755651
EPI_ISL_547582
EPI_ISL_513578
EPI_ISL_788641
EPI_ISL_476250
